# time, chi2ADNAD, chi2OE, chi2ZNZ, chi2FCF,chi2 
400.821 2.538 0.031 0.034 3.898 6.502
801.129 0.596 0.001 0.066 1.391 2.053
1204.260 0.149 0.736 0.109 3.318 4.311
1605.606 0.433 0.364 0.014 2.287 3.097
2009.855 0.034 0.121 0.001 1.637 1.793
2412.512 0.448 0.002 0.351 5.059 5.861
2813.214 0.479 0.128 0.118 2.461 3.186
3216.668 0.056 1.077 0.115 0.428 1.677
3621.574 0.006 0.428 0.194 0.065 0.693
4021.858 0.071 0.347 0.045 0.039 0.502
4428.654 0.016 0.015 0.101 0.220 0.352
4832.989 0.009 0.961 0.006 0.019 0.995
5237.855 0.048 1.944 0.362 0.154 2.508
5643.164 0.023 0.815 0.000 0.042 0.881
6043.316 0.023 0.235 0.330 0.000 0.588
6446.034 0.004 1.251 0.205 0.330 1.790
6846.395 0.060 0.693 0.033 0.007 0.793
7249.645 0.048 1.201 0.126 1.961 3.336
7653.545 0.245 0.913 0.027 2.041 3.225
8054.001 0.032 0.396 0.007 1.083 1.518
8455.020 0.055 0.488 1.123 1.629 3.295
8855.587 0.143 0.264 0.183 0.846 1.436
9258.116 0.004 0.973 0.155 0.001 1.133
9660.293 0.022 0.207 0.121 0.693 1.043
10063.922 0.010 0.026 0.016 0.276 0.327
10467.144 0.285 0.235 0.030 0.239 0.789
10871.593 0.008 0.904 0.255 0.648 1.814
11271.823 0.024 0.721 0.155 0.704 1.604
11676.014 0.413 0.233 0.038 1.570 2.254
12080.173 0.670 0.744 0.000 4.881 6.295
12483.793 0.158 0.761 0.052 0.473 1.444
12885.006 0.029 0.517 0.413 0.894 1.854
13289.615 0.095 0.222 0.058 0.552 0.927
13693.268 0.371 0.583 0.382 1.821 3.156
14099.026 0.025 1.982 0.010 0.887 2.905
14503.122 0.088 2.885 0.104 1.073 4.149
14905.014 0.003 1.854 0.098 1.169 3.124
15305.666 0.001 1.221 0.002 0.745 1.971
15708.316 0.002 1.461 0.024 0.028 1.514
16111.959 0.005 0.405 0.233 0.057 0.701
16513.228 0.005 1.718 0.010 0.386 2.120
16915.238 0.179 0.930 0.066 1.055 2.229
17316.129 0.019 0.929 0.663 0.242 1.853
17720.066 0.063 0.884 0.749 0.008 1.704
18125.517 0.037 0.808 0.032 0.135 1.013
18526.185 0.203 0.894 0.382 0.681 2.160
18930.300 0.290 1.054 0.004 1.640 2.987
19332.625 0.164 0.860 0.003 0.213 1.240
19737.322 0.151 4.144 0.119 2.700 7.115
20141.449 0.437 0.556 0.042 1.403 2.439
20543.479 0.279 1.807 0.587 1.506 4.179
20946.260 0.477 1.522 0.147 1.830 3.976
21352.108 0.085 1.069 0.233 0.129 1.516
21755.192 0.386 0.524 0.044 0.301 1.256
22157.262 0.281 0.957 0.020 0.941 2.199
22558.848 0.046 0.896 0.178 0.586 1.706
22959.296 0.105 1.392 0.046 0.625 2.168
23363.217 0.024 2.271 0.159 0.541 2.996
23766.852 0.585 3.852 0.010 2.056 6.504
24167.617 0.060 1.727 0.038 0.662 2.486
24569.602 0.038 1.705 0.530 1.979 4.252
24971.876 0.019 2.665 0.005 1.164 3.853
25373.388 0.008 1.745 0.002 1.358 3.113
25775.872 0.068 1.102 0.018 0.127 1.315
26180.277 0.001 1.678 0.429 0.134 2.242
26582.424 0.210 1.921 0.414 0.083 2.628
26985.293 0.000 1.230 0.273 0.298 1.801
27385.348 0.004 0.804 0.033 0.324 1.166
27785.795 0.108 0.664 0.439 0.662 1.874
28186.886 0.013 0.839 0.278 0.407 1.537
28588.428 0.064 1.783 0.565 0.919 3.332
28993.011 0.072 0.831 0.068 0.877 1.849
29397.166 0.082 1.421 0.113 1.563 3.179
29798.282 0.036 0.732 0.092 0.316 1.176
30202.972 0.068 1.105 0.253 0.119 1.545
30606.358 0.009 0.219 0.017 0.109 0.354
31006.596 0.005 1.028 0.070 0.146 1.249
31410.143 0.000 1.490 0.014 0.009 1.514
31817.102 0.002 0.587 0.002 0.320 0.912
32218.005 0.135 0.671 0.198 0.131 1.136
32621.905 0.119 0.547 0.212 0.033 0.911
33022.491 0.015 0.910 0.465 0.510 1.900
33426.748 0.013 0.852 0.196 0.410 1.471
33829.408 0.000 1.692 0.298 0.537 2.527
34235.176 0.001 0.345 0.032 0.196 0.574
34640.382 0.003 0.466 0.052 0.562 1.083
35048.872 0.004 1.124 0.046 1.166 2.340
35451.110 0.257 0.943 0.214 1.573 2.987
35854.002 0.225 1.802 0.018 2.071 4.116
36254.468 0.052 0.579 0.158 5.074 5.863
36657.192 0.933 0.194 6.974 6.630 14.732
37058.872 0.421 0.011 0.578 1.811 2.821
37459.567 0.651 0.002 0.037 0.772 1.462
37859.730 0.386 0.350 0.057 0.353 1.147
38260.072 0.142 1.399 0.313 1.247 3.101
38661.531 0.044 0.603 0.019 0.112 0.778
39063.019 0.065 0.023 0.000 0.342 0.430
39463.972 0.001 1.090 0.134 0.299 1.524
39868.807 0.081 0.278 0.000 0.884 1.244
40268.917 0.052 0.282 0.088 0.738 1.161
40673.401 0.011 0.998 0.079 0.487 1.575
41076.224 0.017 0.251 0.109 0.267 0.644
41480.803 0.002 0.451 0.097 0.203 0.752
41883.147 0.042 1.112 0.843 0.000 1.998
42287.816 0.160 0.323 0.004 0.113 0.600
42689.773 0.278 0.452 0.258 0.453 1.442
43092.858 0.042 0.653 0.035 0.688 1.418
43493.794 0.000 0.848 0.317 1.043 2.209
43894.775 0.067 0.246 0.316 3.184 3.813
44295.247 0.020 0.034 0.062 0.421 0.536
44698.662 0.038 0.575 0.181 0.133 0.927
45101.064 0.035 2.457 0.236 0.770 3.498
45501.103 0.001 1.862 0.152 0.000 2.015
45901.889 0.015 1.592 0.092 0.062 1.760
46304.106 0.000 0.400 0.009 0.150 0.559
46706.596 0.135 1.218 0.259 0.488 2.100
47109.599 0.025 1.079 0.200 1.030 2.334
47511.138 0.290 1.879 0.001 2.302 4.471
47916.398 0.260 0.798 0.212 0.629 1.899
48317.821 0.059 0.669 0.342 0.303 1.373
48720.853 0.126 0.407 0.036 1.111 1.680
49126.249 0.000 0.848 0.010 0.399 1.257
49527.494 0.151 0.578 0.350 0.136 1.215
49932.169 0.000 0.497 0.184 0.464 1.146
50332.930 0.056 1.212 0.412 1.684 3.363
50734.721 0.061 0.773 0.043 1.451 2.328
51137.655 0.187 0.473 1.269 0.000 1.929
51537.765 0.060 0.714 0.248 0.330 1.352
51942.511 0.016 0.376 0.068 0.008 0.468
52345.077 0.086 0.233 0.153 0.004 0.477
52746.944 0.143 1.349 0.583 0.010 2.086
53151.043 0.264 0.712 0.174 0.040 1.190
53552.726 0.003 0.099 0.036 0.263 0.400
53954.794 0.021 0.447 0.114 0.262 0.844
54362.739 0.108 0.008 0.779 0.258 1.152
54763.141 0.097 0.118 0.210 0.163 0.588
55163.177 0.000 0.362 0.040 0.102 0.504
55568.888 0.129 1.303 0.237 0.005 1.674
55969.942 0.091 1.011 0.001 0.269 1.372
56370.234 0.000 0.775 0.144 0.175 1.093
56774.819 0.073 0.496 0.041 0.176 0.785
57180.695 0.002 1.048 0.373 0.286 1.709
57582.384 0.572 0.491 0.053 4.925 6.041
57985.493 0.641 0.308 0.431 3.029 4.410
58387.753 0.044 1.247 0.271 1.145 2.707
58788.532 0.132 0.909 0.307 0.426 1.774
59190.868 0.032 0.786 0.101 0.127 1.047
59594.715 0.057 0.364 0.143 0.362 0.926
59995.971 0.509 0.544 0.001 0.948 2.001
60401.519 0.045 1.157 0.154 0.738 2.094
60804.943 0.181 1.593 0.024 0.445 2.244
61205.656 0.073 0.274 0.032 0.258 0.637
61564.684 0.244 1.590 0.161 0.334 2.328
