# time, chi2ADNAD, chi2OE, chi2ZNZ, chi2FCF,chi2 
401.759 2.599 0.002 0.027 9.294 11.922
803.594 1.886 0.111 0.024 4.631 6.651
1203.793 1.306 0.750 0.023 4.286 6.366
1605.410 2.037 0.381 0.338 7.435 10.190
2006.658 3.232 0.003 3.259 11.632 18.126
2408.217 4.160 0.208 0.970 7.827 13.165
2809.350 3.671 0.366 0.113 7.869 12.020
3210.625 4.780 0.000 0.003 11.205 15.988
3612.129 5.926 0.033 0.001 13.066 19.026
4013.691 3.251 0.027 0.882 9.057 13.217
4415.177 4.810 0.066 0.385 13.930 19.191
4815.953 2.095 0.037 0.022 4.453 6.607
5218.218 3.083 0.047 0.027 8.304 11.461
5619.496 3.591 0.067 0.072 9.520 13.251
6019.989 7.733 0.021 0.061 14.504 22.320
6421.766 4.343 0.000 0.052 12.945 17.340
6821.954 3.133 0.035 0.261 12.324 15.752
7222.650 2.616 0.048 0.566 8.347 11.577
7623.254 2.375 0.282 1.372 8.022 12.051
8025.087 3.022 0.071 0.060 9.095 12.247
8425.983 3.255 0.214 0.146 10.967 14.582
8826.838 3.313 0.009 0.353 8.180 11.855
9227.011 1.783 0.000 0.354 2.604 4.742
9628.101 1.195 0.033 0.420 1.576 3.224
10028.223 2.330 0.009 0.207 4.264 6.810
10428.442 4.005 0.003 0.035 6.040 10.084
10829.515 3.330 0.019 0.036 12.232 15.618
11230.401 3.217 0.007 0.099 13.660 16.983
11631.554 3.773 0.001 0.227 13.251 17.252
12033.858 1.827 0.031 0.463 8.050 10.372
12433.966 3.272 0.114 0.271 4.670 8.327
12836.723 3.124 0.095 0.157 7.338 10.715
13236.831 3.896 0.133 0.171 10.941 15.141
13637.270 4.307 0.006 0.219 14.861 19.394
14037.835 2.855 0.031 1.009 13.615 17.510
14438.387 4.195 0.044 0.402 18.363 23.004
14839.378 8.125 0.035 0.130 23.679 31.969
15240.288 7.025 0.017 0.106 22.316 29.465
15641.700 4.252 0.029 1.839 19.503 25.623
16043.011 1.571 0.025 0.716 6.764 9.075
16444.295 1.438 0.018 0.996 10.207 12.659
16844.718 3.156 0.137 0.374 14.456 18.123
17245.089 4.831 0.003 0.230 14.556 19.618
17645.524 4.369 0.010 0.073 13.740 18.192
18045.837 2.894 0.002 0.747 13.823 17.465
18446.289 3.227 0.008 0.296 11.414 14.944
18847.350 2.568 0.309 1.581 10.558 15.015
19248.642 1.970 0.011 0.323 6.316 8.621
19649.512 4.269 0.231 0.011 12.390 16.901
20050.006 3.237 0.065 0.323 12.818 16.442
20452.184 4.210 0.017 0.000 15.528 19.755
20853.144 5.161 0.005 0.361 15.559 21.086
21254.896 3.200 0.037 0.056 15.371 18.664
21656.577 3.723 0.138 0.269 13.952 18.081
22057.553 1.752 0.018 0.004 7.041 8.814
22458.410 3.219 0.192 0.042 11.795 15.248
22861.143 2.685 0.091 0.106 8.897 11.780
23262.571 3.595 0.020 0.420 13.097 17.131
23663.015 2.940 0.022 0.032 8.233 11.227
24064.519 2.413 0.016 0.111 6.648 9.188
24464.903 2.273 0.000 0.741 4.159 7.174
24865.670 4.408 0.001 0.434 9.298 14.141
25266.054 3.322 0.013 0.217 12.179 15.731
25667.442 2.660 0.012 0.217 6.625 9.515
26067.933 3.772 0.162 0.057 8.783 12.774
26468.009 7.900 0.001 0.131 12.877 20.908
26869.038 3.370 0.019 0.002 9.462 12.854
26976.014 5.964 0.033 0.106 10.579 16.682
