# time, chi2ADNAD, chi2OE, chi2ZNZ, chi2FCF,chi2 
400.229 0.938 0.686 0.029 5.444 7.097
800.731 1.253 0.523 0.008 4.869 6.652
1202.111 0.989 0.174 0.847 3.007 5.018
1604.603 1.701 0.063 0.157 6.679 8.599
2007.816 0.594 0.414 0.006 2.172 3.185
2409.790 0.630 0.611 0.019 3.342 4.603
2810.584 2.000 0.134 0.141 6.089 8.365
3212.905 0.851 0.007 0.001 5.646 6.506
3613.375 0.766 0.021 0.000 4.228 5.015
4013.517 0.712 0.065 0.406 4.488 5.672
4415.620 0.272 0.571 0.016 1.607 2.466
4817.419 1.224 0.038 0.111 8.886 10.259
5219.950 1.587 0.724 0.066 6.691 9.069
5620.236 1.361 0.001 0.082 6.743 8.187
6020.555 1.248 0.005 0.007 3.079 4.338
6420.810 0.791 0.130 0.102 0.773 1.795
6821.393 0.778 0.001 0.001 0.518 1.298
7224.476 0.821 0.004 0.024 0.940 1.788
7627.369 0.001 0.180 0.137 0.068 0.386
8031.567 0.302 0.351 0.104 2.602 3.359
8433.211 0.312 0.156 0.003 1.718 2.189
8835.112 0.304 0.279 0.914 2.203 3.700
9237.124 0.051 0.489 0.249 2.751 3.540
9639.359 0.648 0.090 0.357 1.919 3.014
10039.616 0.468 0.094 0.000 1.613 2.176
10444.786 0.667 0.086 0.049 1.250 2.051
10845.150 0.648 0.001 0.082 0.600 1.332
11245.485 0.048 0.002 0.061 2.490 2.601
11647.957 0.612 0.044 0.158 5.033 5.847
12048.324 0.714 0.057 0.131 4.430 5.331
12449.602 0.529 0.437 0.013 0.495 1.474
12853.283 0.621 0.090 0.046 4.854 5.610
13254.570 2.712 0.383 0.178 10.991 14.263
13655.415 1.925 0.100 0.065 9.227 11.316
14058.018 1.015 0.092 0.188 6.515 7.811
14458.774 0.787 0.000 0.012 3.233 4.031
14858.897 1.973 0.002 0.005 6.743 8.723
15259.619 2.486 0.021 0.002 7.581 10.089
15660.059 2.711 0.032 0.007 7.780 10.531
16060.313 3.385 0.074 0.108 6.326 9.893
16460.353 0.967 0.004 0.003 2.077 3.051
16863.508 0.799 0.389 0.489 3.200 4.877
17264.110 0.517 0.808 0.052 3.481 4.858
17664.158 0.848 0.735 0.192 3.289 5.064
18066.210 1.400 0.081 0.191 4.566 6.237
18470.612 1.082 0.220 0.005 2.795 4.102
18873.579 1.112 0.004 0.550 3.729 5.395
19273.707 0.493 0.027 0.151 2.612 3.284
19674.075 0.792 0.123 0.069 2.978 3.962
20075.014 1.335 0.086 0.036 2.079 3.536
20476.885 1.572 0.029 0.212 1.428 3.241
20877.329 2.787 0.281 0.321 10.600 13.988
21278.197 1.675 0.373 0.006 6.967 9.021
21679.309 2.937 0.002 0.017 8.508 11.464
22079.466 2.579 0.137 0.001 9.321 12.038
22480.918 2.562 0.404 0.270 7.963 11.200
22882.103 1.524 0.034 0.219 2.709 4.486
23283.385 2.151 0.896 0.076 4.825 7.949
23684.697 1.618 0.317 0.590 4.108 6.633
24087.000 1.318 0.668 0.130 3.253 5.368
24491.894 1.770 0.186 0.001 4.688 6.645
24892.992 2.626 0.203 0.151 8.309 11.289
25294.735 1.869 0.585 0.358 7.797 10.608
25695.302 0.047 0.001 0.104 0.150 0.302
26097.197 0.068 1.487 0.001 0.007 1.564
26498.061 0.102 0.202 0.096 0.731 1.131
26900.718 0.057 0.279 0.212 0.148 0.695
27304.570 0.184 1.291 0.009 1.404 2.888
27708.310 0.504 0.071 0.528 2.682 3.786
28108.339 0.457 0.095 0.016 2.880 3.449
28511.266 0.623 0.294 0.027 1.150 2.095
28912.418 1.454 0.000 0.089 3.813 5.356
29316.275 1.444 0.002 0.013 3.312 4.771
29719.211 1.135 0.000 0.046 2.765 3.946
30122.591 0.377 0.267 0.293 0.204 1.142
30524.279 0.792 0.008 0.173 0.928 1.901
30927.914 0.782 0.594 0.092 0.361 1.829
31332.424 0.411 0.427 0.261 2.263 3.362
31734.396 0.219 0.000 0.061 2.474 2.754
32138.910 0.405 0.254 0.015 3.068 3.742
32543.355 0.358 0.167 0.021 0.413 0.960
32944.202 0.398 0.169 0.178 1.283 2.028
33344.903 1.055 0.275 0.124 3.461 4.914
33747.560 2.202 0.040 0.071 8.967 11.280
34149.414 2.745 0.091 0.003 11.209 14.047
34550.560 3.051 0.122 0.156 14.391 17.720
34951.246 3.056 0.059 0.004 9.056 12.175
35352.238 2.759 0.008 0.066 6.782 9.615
35757.627 0.592 0.131 0.455 3.166 4.344
36161.876 1.450 0.154 0.000 3.015 4.618
36563.784 0.337 0.046 0.039 0.994 1.416
36966.081 0.281 0.626 0.199 0.827 1.934
37366.378 0.486 0.040 0.001 2.887 3.414
37768.045 0.001 0.578 0.088 1.582 2.248
38169.168 0.226 0.025 0.090 2.830 3.172
38569.447 0.900 0.404 0.142 3.753 5.199
38971.330 0.877 0.001 0.010 2.460 3.348
39371.458 0.719 0.239 0.143 2.569 3.670
39772.939 0.221 0.456 0.300 2.392 3.370
40175.495 0.544 0.001 0.002 1.099 1.646
40576.945 0.232 0.064 0.911 0.846 2.054
40978.384 0.049 0.222 0.029 1.016 1.315
41386.479 0.001 0.322 0.038 0.002 0.363
41787.148 0.078 0.133 0.026 0.020 0.256
42187.253 0.239 1.307 0.858 0.374 2.777
42588.946 0.697 0.080 0.034 0.864 1.675
42992.996 0.286 0.245 0.259 1.321 2.110
43393.145 0.225 0.022 0.368 1.414 2.029
43793.414 1.938 0.015 0.000 6.208 8.162
44193.783 3.305 0.016 0.004 14.917 18.242
44595.186 1.935 0.000 0.590 10.890 13.416
44995.352 2.346 0.023 0.959 9.458 12.787
45401.656 1.331 0.080 0.199 2.413 4.023
45809.567 0.687 0.037 0.001 1.265 1.990
46211.060 2.399 0.006 0.008 4.898 7.310
46611.088 0.960 0.010 0.053 0.969 1.991
47011.852 0.346 0.365 0.025 0.885 1.621
47413.134 0.387 0.300 0.021 2.421 3.128
47813.442 0.790 0.047 0.112 2.607 3.556
48217.036 0.285 0.126 0.047 1.657 2.115
48622.048 0.064 0.629 0.014 0.386 1.093
49024.852 0.204 0.655 0.020 0.768 1.647
49427.459 0.287 0.395 0.087 2.553 3.322
49828.015 1.471 0.354 0.102 4.498 6.426
50229.712 2.024 0.065 0.013 8.527 10.629
50631.060 4.017 0.035 0.102 14.063 18.217
51033.811 3.450 0.000 0.003 12.027 15.480
51434.941 3.721 0.146 0.009 10.482 14.358
51840.626 4.102 1.567 0.007 9.595 15.271
52243.054 3.799 0.004 0.139 7.162 11.104
52646.040 0.686 0.021 0.184 2.549 3.439
53046.253 0.281 0.022 0.028 0.222 0.553
53448.600 0.538 0.105 0.015 1.669 2.326
53852.587 0.070 0.636 0.075 1.693 2.474
54259.698 0.010 1.681 0.000 1.616 3.308
54662.339 0.140 0.480 0.011 2.568 3.199
55062.809 1.085 0.006 0.003 6.743 7.837
55464.716 1.003 0.001 0.406 7.822 9.231
55866.561 0.435 0.004 1.912 9.129 11.481
56267.866 0.932 0.170 0.037 4.633 5.772
56668.962 0.753 0.253 0.001 1.902 2.909
57070.520 0.415 0.463 0.101 1.055 2.033
57472.881 0.486 0.261 2.381 0.905 4.034
57874.257 0.101 0.062 0.037 0.000 0.200
58274.849 0.059 0.098 0.058 0.866 1.082
58677.870 0.247 0.000 0.023 4.348 4.618
58951.059 0.887 0.030 0.084 6.185 7.187
