# time, chi2ADNAD, chi2OE, chi2ZNZ, chi2FCF,chi2 
402.278 1.477 0.057 0.185 0.358 2.077
806.030 3.400 0.065 1.584 0.293 5.343
1207.908 14.768 0.417 0.612 0.528 16.325
1611.396 7.287 0.160 0.006 1.747 9.199
2012.827 7.549 0.240 0.037 1.041 8.867
2414.504 4.121 0.035 0.219 0.543 4.918
2815.178 9.749 0.746 0.917 0.000 11.413
3218.678 12.941 0.082 1.585 0.455 15.063
3621.582 14.938 0.272 1.514 0.046 16.770
4023.020 4.985 0.065 0.076 0.062 5.188
4426.403 6.287 0.000 0.207 0.030 6.524
4827.590 12.652 1.058 1.358 0.178 15.246
5231.323 8.705 0.065 0.831 0.217 9.818
5633.964 10.739 0.148 0.068 0.910 11.865
6035.185 13.828 0.090 0.008 0.006 13.933
6438.234 29.351 0.103 0.418 0.067 29.939
6839.470 25.931 0.017 0.129 0.424 26.501
7241.787 34.491 0.405 0.410 1.356 36.661
7645.831 32.277 0.008 0.021 1.759 34.064
8048.983 27.537 0.028 0.260 0.447 28.272
8450.083 36.364 0.217 0.398 2.417 39.396
8851.848 103.196 0.250 0.000 0.055 103.501
9254.905 13.930 0.023 0.382 0.351 14.685
9656.228 14.769 0.073 1.471 0.303 16.617
10058.483 310.422 0.125 0.475 0.509 311.531
10463.034 13.776 0.028 0.024 0.301 14.128
10867.237 22.580 0.225 0.002 0.001 22.807
11271.096 18.781 0.157 0.280 0.758 19.976
11676.186 9.867 0.008 2.631 0.020 12.526
12078.103 10.829 0.147 0.783 1.863 13.623
12481.221 10.567 0.074 1.370 0.179 12.189
12882.135 78.414 1.111 0.036 0.789 80.350
13285.498 40.376 0.396 0.193 0.255 41.220
13686.693 11.524 0.091 0.289 0.297 12.200
14089.330 17.298 0.554 0.098 0.614 18.563
14491.331 6.932 0.193 0.005 0.128 7.257
14895.587 7.548 0.093 0.058 0.014 7.712
15298.144 9.133 0.036 0.461 1.276 10.906
15699.447 12.947 0.401 0.018 0.323 13.689
16102.218 11.343 0.228 3.256 0.105 14.931
16502.999 62.090 1.311 0.405 0.695 64.502
16904.554 64.426 0.077 4.564 1.370 70.438
17309.233 19.124 0.059 0.446 0.357 19.986
17712.997 31.158 0.251 0.255 0.095 31.759
18115.436 41.190 0.002 2.125 2.863 46.180
18517.922 29.908 0.133 0.151 0.371 30.564
18920.760 100.428 0.000 0.028 0.277 100.732
19321.303 156.496 0.032 0.325 0.251 157.104
19722.981 16.662 0.005 0.003 0.118 16.789
20123.485 8.850 0.199 0.034 0.477 9.560
20532.706 4.061 0.086 0.079 0.021 4.247
20935.965 6.825 0.175 0.647 0.154 7.801
21341.863 28.378 1.498 1.989 0.035 31.900
21746.856 215.542 0.059 1.272 0.727 217.600
22157.072 70.926 0.317 0.004 0.351 71.597
22557.898 12.827 0.427 1.043 0.006 14.303
22960.566 5.469 0.004 0.253 0.002 5.727
23363.782 47.897 2.132 0.116 1.395 51.539
23763.978 29.391 0.013 0.491 1.673 31.568
24164.323 14.749 0.003 1.201 0.021 15.974
24565.822 21.732 0.073 0.003 0.074 21.881
24968.370 46.066 0.357 0.014 0.184 46.621
25371.150 15.636 0.010 0.002 0.250 15.898
25774.382 56.021 0.150 0.002 0.766 56.939
26176.065 64.245 0.497 1.127 0.013 65.881
26576.925 21.625 0.176 0.718 0.324 22.842
26978.374 11.916 0.157 0.330 0.148 12.551
27381.048 24.371 0.385 0.451 0.009 25.217
27784.117 30.903 0.028 0.838 0.360 32.129
28185.391 146.623 0.087 0.001 2.336 149.047
28587.977 69.621 0.117 0.019 0.111 69.869
28988.980 65.281 0.000 0.518 1.347 67.146
29389.618 32.722 0.228 0.420 0.140 33.510
29791.556 162.786 0.417 0.371 0.338 163.913
30194.703 82.395 0.177 0.246 0.299 83.116
30595.673 115.553 0.299 0.003 0.196 116.051
30999.710 34.753 0.003 2.100 0.011 36.867
31402.491 21.633 0.469 0.389 0.499 22.989
31805.534 14.607 0.004 0.597 0.275 15.483
32205.596 11.400 0.028 0.010 0.078 11.516
32605.970 641.944 0.003 14.075 6.785 662.807
33007.332 43.426 0.030 1.640 0.077 45.173
33408.515 80.094 0.786 1.205 1.086 83.172
33810.249 91.573 0.103 0.197 0.904 92.777
34214.967 25.358 0.072 0.031 0.638 26.100
34616.697 46.585 0.137 0.039 0.577 47.339
35019.038 641.944 0.003 14.075 6.785 662.807
35421.276 10.417 1.597 1.272 0.321 13.607
35825.221 17.411 0.322 0.015 2.310 20.058
36226.102 54.328 0.013 0.104 1.777 56.222
36628.022 23.985 0.333 0.044 0.701 25.063
37029.072 38.796 0.808 0.335 0.269 40.208
37430.357 32.883 0.064 0.051 0.280 33.279
37833.987 117.791 0.069 0.706 2.059 120.626
38235.026 641.944 0.003 14.075 6.785 662.807
38637.832 19.121 1.256 0.484 0.110 20.971
39041.547 15.378 0.001 0.013 0.028 15.420
39442.224 26.525 0.000 1.225 0.086 27.836
39843.765 69.327 0.210 0.132 0.376 70.045
40246.475 136.577 0.208 2.430 1.164 140.379
40647.777 493.468 0.016 2.710 2.627 498.822
41048.620 41.293 0.031 0.362 0.401 42.087
41452.426 49.309 0.034 1.189 0.035 50.567
41854.537 176.116 0.518 0.231 0.375 177.239
42255.654 29.707 0.001 0.652 0.698 31.058
42658.257 27.512 0.051 0.732 0.204 28.499
43060.483 45.021 0.006 0.205 2.112 47.344
43464.237 19.475 0.274 0.126 0.442 20.317
43868.584 23.393 0.040 0.965 0.158 24.556
44270.073 15.514 0.004 0.707 0.000 16.225
44672.467 64.276 0.493 0.051 1.223 66.043
45075.108 44.841 0.013 1.618 1.370 47.842
45478.231 66.340 0.193 2.022 1.400 69.955
45880.350 82.563 0.143 0.313 2.555 85.574
46281.856 46.454 0.110 0.000 0.912 47.476
46682.956 33.695 0.158 0.154 0.619 34.625
47086.878 6.902 0.307 0.283 0.002 7.495
47488.315 25.450 0.548 1.221 0.509 27.729
47889.194 14.575 0.016 2.572 2.721 19.884
48292.095 31.367 0.357 0.001 2.324 34.048
48693.158 78.461 0.588 0.754 1.304 81.107
49094.614 31.806 0.102 1.786 0.253 33.947
49498.914 24.563 0.013 0.234 0.009 24.819
49902.260 150.722 0.421 0.595 0.535 152.274
50303.450 11.842 0.059 0.309 0.000 12.210
50703.579 12.002 0.000 0.666 0.191 12.858
51103.892 8.648 0.241 0.014 0.229 9.131
51504.728 15.702 0.353 0.811 0.031 16.896
51909.160 13.839 0.142 0.200 1.627 15.807
52311.005 8.462 0.030 0.053 0.006 8.550
52714.387 6.709 0.056 0.740 0.014 7.519
53118.004 49.864 0.483 0.241 0.225 50.812
53520.171 83.881 0.182 0.688 0.399 85.151
53920.763 119.786 0.128 0.006 0.460 120.380
54321.069 32.115 0.067 0.117 0.626 32.924
54724.240 63.471 0.051 1.251 3.284 68.058
55125.261 187.057 0.304 0.106 0.036 187.502
55526.224 24.596 0.001 0.266 0.486 25.348
55927.594 67.323 0.607 0.002 0.350 68.282
56327.982 43.895 0.060 1.894 0.642 46.490
56729.979 36.658 0.012 1.395 1.941 40.007
57130.334 41.166 0.195 1.575 3.978 46.914
57531.372 30.676 0.001 0.884 1.195 32.755
57933.697 15.372 0.088 1.231 0.033 16.724
58336.943 39.087 1.248 1.871 1.002 43.208
58739.346 64.381 0.003 0.898 1.235 66.517
59140.370 26.030 0.011 0.000 0.397 26.438
59542.285 31.189 0.059 0.019 0.740 32.009
59946.000 36.517 0.001 1.759 0.071 38.348
60350.035 42.070 0.466 0.060 1.579 44.175
60751.603 43.404 0.080 0.643 0.497 44.625
61155.733 87.935 0.095 0.152 0.211 88.393
61558.718 16.177 0.000 0.041 0.195 16.413
61961.543 29.268 0.011 0.029 0.000 29.308
62363.661 19.526 0.039 1.039 0.268 20.872
62767.337 59.570 0.703 1.177 0.207 61.657
63171.648 258.320 0.155 0.127 0.185 258.788
63575.395 77.867 0.305 0.085 0.068 78.324
63977.422 50.831 0.193 0.030 0.362 51.416
64379.696 111.693 0.001 2.342 2.250 116.287
64488.606 82.962 0.023 0.400 0.800 84.185
