# time, chi2ADNAD, chi2OE, chi2ZNZ, chi2FCF,chi2 
401.782 0.339 0.046 0.007 0.079 0.472
804.787 0.189 0.131 0.299 0.002 0.621
1205.764 0.549 0.070 0.801 0.002 1.423
1607.959 0.317 0.001 0.706 0.110 1.135
2008.615 0.476 0.418 1.021 0.001 1.916
2410.246 0.486 0.911 0.587 0.038 2.022
2815.472 0.852 0.116 0.035 3.577 4.581
3218.323 0.203 0.211 0.314 0.001 0.729
3620.144 0.913 0.262 0.283 0.937 2.396
4022.995 0.060 0.736 1.102 0.007 1.906
4426.705 0.061 0.277 0.022 0.026 0.385
4828.921 0.104 0.665 1.592 0.066 2.426
5229.873 0.063 0.243 0.085 0.006 0.397
5632.969 0.003 0.133 0.088 0.030 0.253
6033.624 0.008 0.043 0.264 0.001 0.315
6434.960 0.023 0.808 0.096 0.471 1.398
6835.848 0.072 0.691 0.401 0.011 1.175
7236.225 0.330 0.036 0.013 0.007 0.387
7639.651 0.874 1.135 0.907 0.002 2.917
8041.818 0.769 0.201 0.590 0.292 1.851
8441.865 0.530 0.221 0.030 0.026 0.808
8841.887 0.450 0.006 0.026 0.597 1.079
9242.606 0.096 0.016 1.011 0.083 1.206
9644.581 0.181 0.025 0.283 0.100 0.588
10045.421 0.889 0.023 0.329 0.154 1.394
10447.814 1.256 0.007 0.342 0.017 1.622
10847.870 0.428 0.013 0.547 0.051 1.039
11249.477 0.263 0.382 0.370 0.201 1.216
11651.385 0.159 1.347 0.214 0.047 1.767
12054.185 0.267 1.782 0.721 0.001 2.770
12456.548 0.055 0.917 0.095 0.158 1.225
12858.455 0.138 0.405 0.873 0.001 1.417
13258.745 0.044 0.559 0.133 0.001 0.738
13663.506 0.003 0.373 0.593 0.027 0.996
14066.480 0.014 0.149 0.087 0.000 0.250
14467.244 0.000 0.204 0.252 0.061 0.517
14867.838 0.161 0.407 0.711 0.314 1.593
15268.435 0.019 0.426 0.228 0.001 0.674
15669.613 0.000 0.131 0.363 0.124 0.619
16072.370 0.011 0.384 0.770 0.040 1.205
16473.579 0.005 0.135 0.041 0.017 0.197
16875.014 0.021 0.107 0.002 0.122 0.251
17277.275 0.013 0.243 0.603 0.071 0.930
17679.927 0.056 0.531 0.253 0.001 0.840
18080.719 0.158 0.007 0.074 0.189 0.427
18482.309 0.000 0.626 0.549 0.032 1.207
18882.723 0.039 1.232 1.012 0.051 2.334
19284.335 0.001 0.306 0.126 0.044 0.477
19684.350 0.001 0.031 0.019 0.001 0.051
20086.139 0.000 0.421 0.558 0.330 1.309
20487.194 0.012 0.225 0.211 0.001 0.449
20887.628 0.071 1.000 0.093 0.032 1.195
21288.023 0.004 1.010 0.028 0.146 1.188
21688.945 0.003 0.402 0.052 0.001 0.458
22091.316 0.000 0.163 0.021 0.024 0.208
22492.551 0.053 0.637 0.012 0.028 0.730
22892.807 0.063 0.178 0.003 0.052 0.295
23294.487 0.027 0.264 0.302 0.005 0.598
23694.948 0.038 0.122 0.461 0.003 0.624
24096.227 0.022 0.425 0.690 0.007 1.145
24496.323 0.083 0.001 0.056 0.061 0.200
24900.875 0.055 0.178 0.229 0.055 0.516
25301.151 0.302 0.234 0.498 0.464 1.497
25704.171 0.393 0.123 0.046 0.459 1.020
26104.482 0.002 0.307 0.550 0.067 0.926
26505.053 0.094 1.059 0.093 0.463 1.709
26907.018 0.129 0.138 0.133 0.294 0.694
27309.281 0.081 0.284 0.493 0.015 0.874
27710.408 0.155 0.099 0.019 0.006 0.279
28113.434 0.000 0.009 0.199 0.002 0.211
28516.577 0.026 0.001 1.204 0.539 1.770
28917.239 0.014 0.232 0.583 0.030 0.858
29317.300 0.005 0.497 0.563 0.112 1.177
29717.942 0.055 0.043 0.042 0.042 0.182
30119.078 0.000 0.638 0.076 0.071 0.785
30519.830 0.139 0.099 0.003 0.065 0.306
30919.949 0.011 0.001 0.764 0.003 0.778
31320.338 0.144 0.501 0.010 0.018 0.674
31720.471 0.005 0.062 0.194 0.312 0.574
32123.885 0.148 0.541 0.309 0.054 1.052
32525.125 0.007 0.157 0.635 0.022 0.821
32925.342 0.057 0.166 0.860 0.108 1.191
33327.950 0.002 0.522 0.002 0.023 0.548
33760.043 0.004 0.097 0.093 0.145 0.339
34160.456 0.010 0.119 0.056 0.014 0.198
34560.912 0.053 0.252 0.851 0.104 1.261
34961.058 0.019 1.279 1.072 0.031 2.402
35361.702 0.026 0.084 0.085 0.013 0.208
35762.536 0.236 0.020 0.404 0.076 0.735
36164.248 0.007 0.436 0.402 0.002 0.846
36565.052 0.011 0.668 0.521 0.080 1.280
36965.244 0.036 0.583 0.626 0.225 1.469
37367.959 0.148 0.076 0.135 0.098 0.456
37768.193 0.061 0.877 0.053 0.066 1.056
38169.166 0.134 0.072 0.067 0.034 0.307
38570.672 0.022 0.076 0.010 0.000 0.108
38973.817 0.103 0.113 0.068 0.159 0.443
39375.224 0.167 0.978 0.077 0.164 1.387
39776.571 0.014 0.948 0.826 0.022 1.810
40180.444 0.000 0.029 0.152 0.000 0.182
40582.929 0.192 0.893 0.735 0.049 1.870
40984.805 0.154 0.413 0.345 0.106 1.019
41385.070 0.003 0.778 0.641 0.010 1.433
41787.001 0.015 0.348 0.518 0.056 0.937
42187.892 0.489 0.539 0.452 0.098 1.578
42588.565 0.169 0.099 0.042 0.027 0.337
42992.317 0.330 0.000 0.156 0.022 0.507
43395.197 0.672 0.025 0.015 0.008 0.720
43795.480 0.290 0.000 0.021 0.120 0.431
44195.999 0.054 0.220 0.594 0.008 0.877
44596.040 0.145 0.327 0.669 0.023 1.164
44998.752 0.262 0.626 1.151 0.006 2.046
45401.091 0.246 0.005 0.836 0.058 1.145
45804.644 0.916 1.006 1.210 0.032 3.164
46208.530 0.363 1.057 0.461 0.016 1.898
46609.014 0.012 1.048 1.254 0.013 2.327
47011.513 0.048 0.774 0.865 0.015 1.702
47415.145 0.231 0.298 1.441 0.107 2.078
47818.402 0.001 0.014 0.435 0.324 0.774
48219.433 0.076 0.185 0.414 0.100 0.776
48622.526 0.090 0.820 1.584 0.091 2.586
49023.666 0.001 0.648 0.309 0.256 1.214
49426.647 0.005 0.518 1.713 0.084 2.320
49828.153 0.058 0.146 0.553 0.018 0.775
50229.141 0.176 0.374 0.058 0.057 0.664
50629.861 0.189 0.228 0.440 0.023 0.881
51031.014 0.004 0.491 0.490 0.091 1.075
51434.928 0.004 0.572 0.467 0.001 1.044
51838.267 0.254 0.364 0.707 0.220 1.546
52239.003 0.000 0.214 0.754 0.002 0.970
52641.828 0.130 0.008 0.012 0.058 0.209
53044.574 0.010 0.598 0.605 0.225 1.438
53444.805 0.004 0.910 0.997 0.002 1.914
53846.878 0.056 1.175 0.839 0.009 2.079
54246.889 0.005 0.350 0.001 0.183 0.539
54647.186 0.006 0.534 0.043 0.028 0.611
55049.372 0.001 0.279 0.331 0.187 0.798
55453.141 0.038 0.208 0.168 0.078 0.493
55855.094 0.051 0.089 0.115 0.013 0.268
56255.367 0.005 0.266 0.000 0.054 0.325
56656.841 0.049 0.786 0.372 0.241 1.448
57059.196 0.118 0.118 0.008 0.206 0.450
57460.841 0.015 0.037 0.077 0.082 0.212
57861.715 0.482 0.030 0.535 0.139 1.186
58265.237 1.003 0.043 0.449 0.447 1.942
58667.385 1.168 0.029 0.342 0.142 1.680
59068.745 0.108 0.888 0.249 0.196 1.441
59470.903 0.261 0.002 0.587 0.103 0.953
59874.009 0.218 0.181 1.378 0.138 1.915
60275.026 0.010 1.466 0.089 0.016 1.581
60675.730 0.066 0.520 0.930 0.007 1.523
61077.776 0.045 0.590 0.576 0.003 1.215
61479.349 0.228 0.040 0.293 0.009 0.570
61879.705 0.054 0.127 0.001 0.194 0.376
62279.962 0.070 0.471 0.420 0.041 1.001
62681.224 0.006 0.135 0.758 0.076 0.975
63081.229 0.003 0.079 0.098 0.104 0.284
63483.109 0.176 0.030 0.041 0.000 0.248
63883.235 0.058 0.151 0.393 0.181 0.784
64286.532 0.001 0.168 0.543 0.000 0.712
64686.667 0.005 0.781 0.259 0.008 1.053
65087.391 0.001 0.357 0.160 0.045 0.563
65489.911 0.032 0.677 0.278 0.000 0.987
65892.170 0.046 0.180 0.131 0.216 0.573
66292.514 0.008 1.149 0.739 0.203 2.099
66692.655 0.170 0.541 0.428 0.094 1.233
66721.024 6.513 0.136 1.739 0.483 8.871
