# time, chi2ADNAD, chi2OE, chi2ZNZ, chi2FCF,chi2 
401.274 1.776 0.129 0.666 4.779 7.349
802.611 1.322 0.110 0.195 2.906 4.533
1205.622 0.461 0.263 0.193 1.884 2.801
1605.707 0.123 0.414 1.223 1.001 2.760
2006.437 0.060 0.143 0.108 0.152 0.463
2406.986 0.042 0.737 0.119 0.216 1.113
2808.452 0.456 0.530 0.115 0.315 1.416
3209.746 0.327 0.049 0.188 2.147 2.711
3609.791 0.172 0.105 0.592 2.238 3.107
4009.849 0.461 0.231 0.219 3.054 3.965
4410.501 0.196 0.058 0.748 0.961 1.962
4812.883 0.253 0.359 0.796 1.551 2.958
5214.309 0.116 0.904 1.385 0.527 2.932
5616.578 0.158 0.136 0.295 1.396 1.985
6019.020 0.447 0.061 0.200 0.267 0.975
6420.574 0.035 0.425 1.208 0.640 2.309
6822.210 0.018 0.404 0.327 0.185 0.934
7222.256 0.323 0.026 0.436 1.199 1.983
7624.604 0.696 0.018 0.157 3.303 4.173
8025.817 0.039 0.238 0.763 1.746 2.786
8426.404 0.055 0.876 0.951 1.391 3.272
8828.404 0.473 0.001 0.273 1.638 2.385
9229.060 1.201 0.380 0.457 3.410 5.447
9630.203 0.371 0.011 0.325 3.262 3.968
10031.229 0.246 0.370 0.342 1.354 2.312
10431.522 0.663 0.068 0.063 1.661 2.455
10832.540 0.420 0.004 0.086 1.158 1.668
11232.676 0.038 0.012 0.122 0.230 0.402
11633.487 0.889 0.668 0.387 0.681 2.624
12034.145 0.283 0.255 0.292 0.524 1.354
12435.873 0.986 0.147 0.096 7.893 9.122
12835.996 2.398 0.076 1.018 13.278 16.770
13237.390 2.052 0.213 0.444 5.558 8.268
13638.728 0.165 0.425 0.962 1.017 2.569
14039.467 0.540 0.118 0.345 1.665 2.668
14439.699 1.091 0.017 0.035 0.928 2.071
14840.281 0.372 0.828 0.073 2.020 3.294
15240.592 2.630 0.096 0.014 8.550 11.290
15640.625 1.876 0.069 0.037 6.512 8.494
16041.091 1.367 0.000 0.263 4.690 6.320
16442.550 0.192 0.093 1.005 0.296 1.586
16843.951 0.220 0.679 0.256 0.520 1.674
17244.954 3.163 0.040 0.044 10.543 13.791
17645.096 1.485 0.141 0.340 3.393 5.359
18046.161 0.139 0.012 0.352 0.505 1.008
18449.391 0.055 0.181 0.360 0.124 0.721
18852.928 1.574 0.225 0.045 1.082 2.926
19255.799 0.531 1.044 0.217 0.298 2.089
19657.192 0.261 1.266 0.060 1.608 3.195
20060.227 0.035 0.464 0.857 0.793 2.149
20461.751 0.153 0.785 0.165 0.614 1.717
20862.165 0.792 0.810 0.129 1.606 3.337
21264.431 0.903 0.333 0.314 0.971 2.521
21665.451 0.231 0.201 0.239 0.087 0.759
22066.943 0.266 0.936 0.447 0.387 2.035
22467.169 0.199 1.034 0.722 0.365 2.320
22870.279 0.446 0.314 0.985 0.080 1.825
23272.699 0.743 2.172 0.308 0.148 3.370
23675.745 1.223 0.261 0.311 0.652 2.447
24076.612 0.147 0.228 0.053 0.085 0.513
24479.674 0.544 1.005 0.007 0.749 2.304
24880.075 0.910 1.213 0.012 0.611 2.746
25284.007 0.578 1.739 0.919 0.260 3.495
25688.700 0.008 0.270 0.533 0.540 1.351
26089.719 0.492 0.302 0.000 0.676 1.471
26490.835 0.268 1.096 0.088 0.060 1.512
26892.214 0.006 0.423 0.315 0.031 0.776
27292.942 0.739 1.389 0.502 0.720 3.351
27693.365 0.552 1.073 0.230 0.168 2.023
28093.436 0.091 1.084 0.641 0.546 2.362
28495.444 0.028 0.430 0.541 0.401 1.400
28899.102 0.465 0.823 0.717 0.052 2.058
29301.735 0.870 0.057 0.170 0.347 1.444
29703.907 0.467 0.323 0.014 2.082 2.885
30107.218 0.890 0.404 0.001 0.346 1.641
30507.709 0.178 0.756 0.851 0.254 2.039
30911.389 0.191 1.537 0.605 0.050 2.383
31312.926 0.345 0.899 0.911 0.006 2.161
31714.510 0.237 1.934 1.080 0.430 3.680
32116.186 0.062 0.760 0.632 0.035 1.488
32517.176 0.004 1.028 0.429 0.135 1.595
32919.095 0.199 0.121 0.103 1.302 1.725
33319.385 0.382 1.128 2.028 0.533 4.071
33720.937 0.240 1.658 1.282 0.437 3.617
34123.446 0.013 0.576 0.875 0.542 2.006
34524.708 0.012 1.329 0.525 0.377 2.243
34925.429 0.034 2.054 0.586 1.141 3.816
35325.494 0.074 0.944 0.342 0.192 1.552
35726.290 0.544 0.553 0.613 2.391 4.101
36127.369 0.503 0.350 0.461 0.941 2.255
37252.260 0.516 0.025 0.684 3.166 4.391
37652.318 1.402 0.074 0.000 6.196 7.672
38055.397 0.473 0.008 0.068 2.404 2.954
38457.392 0.367 0.164 0.286 1.781 2.598
38858.040 0.694 0.081 0.990 3.335 5.101
39259.638 0.840 0.118 0.057 3.005 4.019
39660.822 0.640 0.322 0.025 2.367 3.354
40062.669 0.204 0.559 0.801 1.906 3.469
40465.045 0.392 0.486 0.816 2.367 4.060
40866.596 1.220 0.109 0.141 3.586 5.057
41268.206 0.276 1.000 0.451 1.052 2.779
41670.126 1.553 0.663 0.391 2.374 4.982
42071.029 1.114 0.389 0.147 1.561 3.211
42472.109 0.377 0.100 0.217 0.585 1.279
42872.653 0.451 0.104 0.126 0.749 1.430
43273.244 0.092 0.811 0.062 0.333 1.298
43675.678 1.342 0.585 0.187 2.121 4.235
44075.826 0.811 0.061 1.064 4.233 6.169
44476.125 0.932 0.423 0.958 8.167 10.481
44878.221 0.256 0.085 0.216 2.606 3.163
45279.415 0.043 0.746 1.460 0.654 2.903
45680.081 1.050 0.694 1.450 7.057 10.251
45967.966 1.910 0.025 2.351 6.429 10.715
